802
787 682
283 104
101 243
266 60
280 188
763 256
681 146
203 670
78 132
298 252
348 141
16 13
79 119
506 657
485 252
341 784
501 774
626 335
670 701
236 696
109 167
749 588
43 88
173 628
671 795
199 159
639 81
308 548
265 607
501 702
118 99
6 377
155 357
196 287
221 567
172 537
40 261
202 635
470 473
317 38
537 723
39 289
205 57
168 12
254 23
112 89
444 68
453 131
309 677
597 468
618 211
370 383
275 683
386 707
706 300
8 11
759 583
793 464
198 570
107 262
154 564
475 370
771 85
201 560
113 67
149 82
62 165
389 428
38 79
468 376
661 717
41 18
476 215
321 208
36 14
1 14
72 188
286 282
725 560
543 141
124 143
99 661
745 80
521 603
52 515
294 99
228 595
323 289
354 535
646 93
491 7
46 17
78 470
319 63
779 77
52 136
728 444
30 10
70 75
98 89
566 523
164 131
92 57
9 5
301 766
577 312
397 380
284 185
51 35
459 361
520 400
24 91
213 188
190 85
8 26
293 536
450 169
765 5
229 79
1 780
693 274
137 189
42 267
662 442
697 126
185 26
201 393
15 495
748 738
126 45
145 629
50 246
650 35
433 477
676 785
666 468
92 127
18 5
411 630
744 570
194 177
20 19
146 128
61 248
44 38
79 620
456 67
445 388
20 32
214 425
188 278
252 47
314 493
73 499
659 304
197 549
123 29
99 128
122 99
501 66
487 150
204 440
177 328
218 160
226 310
93 54
727 487
172 209
184 89
320 547
130 98
777 663
400 287
776 126
75 120
33 494
467 401
563 322
719 6
4 109
237 62
124 169
422 334
616 561
248 442
307 663
24 275
736 760
632 442
359 345
361 510
244 136
148 233
667 668
337 109
46 232
363 160
11 12
120 340
1 2
24 160
17 361
378 142
376 496
380 23
729 585
368 664
127 291
6 756
88 186
229 306
153 10
150 94
340 342
126 230
350 165
590 487
445 552
176 117
155 93
154 789
611 366
125 95
10 13
511 279
7 426
654 225
34 170
180 46
442 534
61 10
137 313
33 151
458 220
13 58
15 191
767 500
531 159
189 497
113 507
239 186
488 753
95 2
387 120
214 407
544 641
74 148
305 237
272 18
269 38
482 468
489 133
419 448
427 184
276 252
617 95
353 605
519 297
350 379
159 26
615 289
17 68
432 221
472 245
405 273
14 106
175 193
31 12
99 293
66 47
257 111
127 216
95 258
21 3
306 480
45 175
407 424
38 372
460 112
182 148
138 565
2 6
54 335
790 349
734 549
441 644
516 279
14 62
128 183
174 197
72 4
466 72
211 403
475 576
478 376
45 331
304 778
157 69
64 40
315 218
89 163
140 238
116 201
231 390
686 198
116 215
692 643
25 71
99 270
50 110
355 731
93 528
84 561
79 200
174 153
109 585
80 59
138 47
67 66
277 159
57 512
288 201
557 359
2 50
178 221
334 116
442 735
101 330
337 514
491 713
449 530
273 109
533 464
8 2
574 599
144 101
216 572
260 671
149 421
142 32
42 217
563 604
254 612
179 204
695 586
427 580
78 245
24 99
381 596
279 660
414 235
25 1
75 386
301 79
747 188
138 196
140 131
421 503
84 60
502 257
792 348
146 490
521 512
568 115
29 718
528 658
743 149
3 2
300 46
54 121
263 483
229 346
529 10
396 222
309 54
593 798
86 187
325 613
546 609
59 7
238 371
35 181
78 32
91 457
358 72
9 60
137 121
391 121
775 12
381 640
675 755
355 140
204 222
259 212
373 526
479 430
545 299
162 724
322 124
369 559
530 551
54 2
308 48
523 270
569 619
782 796
90 791
281 492
682 37
542 207
274 311
171 74
413 87
575 391
299 127
364 174
489 593
382 347
714 147
730 39
52 63
235 392
78 83
50 96
362 357
105 37
14 368
158 114
376 132
512 783
32 389
156 19
1 5
25 29
315 415
292 251
578 721
14 15
135 75
449 739
691 416
447 35
300 462
51 356
587 170
8 384
178 44
438 600
412 296
18 27
768 39
232 532
102 154
90 64
801 496
9 40
401 167
404 327
538 148
192 76
111 678
35 45
721 786
722 71
23 22
645 637
268 800
162 74
684 52
741 504
705 491
752 256
715 473
70 35
751 27
114 100
439 414
527 7
276 643
115 740
518 736
24 738
65 47
63 689
250 76
409 44
338 17
141 65
69 45
77 38
89 87
788 90
26 365
231 672
88 172
651 380
163 395
332 287
251 130
354 285
48 698
17 52
185 642
435 35
540 3
14 688
726 191
433 126
578 379
271 150
750 442
110 179
223 281
463 131
327 522
93 133
248 797
39 11
1 56
194 408
24 42
36 38
33 8
175 345
286 339
207 131
312 720
33 441
596 742
108 443
124 464
219 200
139 242
39 166
423 53
525 41
163 402
22 2
352 168
82 81
270 290
246 553
349 112
481 383
70 366
474 588
41 732
60 680
336 102
711 466
85 327
27 203
202 90
80 173
104 761
35 32
307 215
326 132
697 770
81 76
150 225
66 104
47 19
3 117
35 57
225 592
324 10
446 120
165 198
554 301
256 183
16 353
87 30
139 48
100 147
152 438
539 200
74 370
455 194
374 264
636 2
131 37
102 30
708 505
799 307
301 694
52 124
61 231
614 273
623 550
398 115
107 27
543 782
712 494
295 69
2 24
316 669
399 5
77 329
758 333
452 285
684 685
77 249
328 508
74 51
419 101
602 304
145 55
43 31
594 412
574 88
608 450
550 315
2 274
314 220
283 606
369 222
3 7
344 201
465 380
479 733
94 63
37 282
104 484
251 347
185 253
648 197
633 112
360 33
47 53
388 252
214 343
710 417
55 16
38 601
211 34
236 410
299 486
656 502
109 513
10 28
410 541
579 379
225 488
65 571
699 652
115 32
13 19
22 583
214 4
197 279
373 219
333 746
134 110
286 367
674 262
28 34
687 176
500 326
43 312
235 142
227 33
237 436
406 449
267 504
404 430
183 757
416 244
72 206
80 451
68 411
150 241
647 238
240 105
63 100
10 7
445 638
637 238
15 161
476 781
108 39
195 116
484 716
589 227
547 675
769 334
255 171
654 737
111 79
73 11
69 210
116 68
15 297
97 81
317 653
2 4
624 228
13 49
615 634
304 39
461 352
558 352
417 229
454 363
764 551
75 85
37 35
418 271
687 703
151 341
65 76
690 185
762 399
105 429
391 506
60 101
794 344
631 47
234 33
545 652
333 226
223 123
4 17
471 321
434 60
621 254
247 54
53 509
29 581
35 265
325 135
704 617
469 357
320 92
622 237
625 547
507 518
42 224
582 123
140 303
754 88
220 517
577 667
709 159
109 263
168 381
474 383
302 35
676 388
700 288
29 86
182 226
573 430
260 248
48 8
11 236
268 248
